public/layers/2020062909_UV_SFC.json
{"header": { "refTime": "2020-06-24T00:00:00.000Z", "parameterCategory":  2, "parameterNumber":   2, "surfacelType": 104, "surfacelValue":        0.0, "forecastTime":  129, "scanMode": 0, "nx": 101, "ny": 61, "lo1": 80, "la1": 60, "lo2": 180, "la2": 0, "dx": 1, "dy": 1 }, "data":
[rows 0 to 35 of 61, columns 0 to 79 of 101]
1.53,1.98,2.20,2.55,2.55,2.36,2.29,2.05,1.27,1.37,1.19,0.65,0.17,-0.74,-1.66,-1.46,-1.32,-1.41,0.28,1.13,3.53,-3.05,-1.85,-2.55,-3.91,-4.92,-3.85,-3.83,-2.01,4.54,0.68,-0.51,1.13,-1.86,0.07,-1.62,-1.62,-2.09,-1.75,-0.78,-1.72,0.43,1.42,-0.17,-1.99,0.00,1.81,3.18,2.56,1.68,2.48,2.35,2.51,2.57,0.52,-0.10,-0.53,-0.34,-0.45,-0.14,1.46,2.05,1.83,1.37,0.91,-2.01,-2.56,-3.85,-4.00,-3.80,-3.61,-3.57,-3.96,-4.38,-4.81,-4.61,-4.93,-5.31,-5.76,-5.86
2.47,3.00,3.13,3.37,3.53,2.94,2.55,2.28,1.47,1.38,1.27,0.88,0.01,-1.29,-2.62,-2.52,-1.53,2.08,-2.66,3.84,-1.19,-1.45,-1.65,-4.48,-2.38,-3.19,-3.23,-2.92,-0.33,4.62,0.01,0.98,-0.60,0.71,-0.37,1.56,-1.68,-0.48,-1.04,-1.58,1.05,0.91,0.10,-0.34,-1.22,-0.38,1.45,2.55,1.65,-0.73,1.89,1.72,1.84,2.25,0.92,-0.21,-0.54,0.10,-0.77,0.79,0.87,1.65,1.51,0.75,-1.38,-3.46,-4.39,-3.69,-3.02,-2.64,-2.45,-2.42,-3.14,-3.61,-4.20,-4.75,-4.78,-4.36,-5.87,-6.60
3.67,4.26,4.01,3.67,3.69,3.52,3.51,2.90,2.48,2.15,1.25,0.58,-0.63,-1.45,-2.78,-2.97,-1.80,0.06,0.74,4.02,-2.86,-1.32,-6.59,-1.36,-2.53,-2.49,-2.13,-1.67,-0.45,0.85,-3.29,3.00,0.73,-0.25,-0.18,1.31,1.31,-1.37,-3.99,-3.37,-1.17,-0.12,-0.35,-0.72,-0.46,-1.42,0.26,1.72,2.80,-1.26,1.13,1.69,2.52,1.34,0.55,0.58,0.73,0.02,1.21,1.85,0.63,2.13,1.33,-2.39,-4.46,-5.16,-4.22,-2.57,-1.51,-1.56,-1.12,-0.95,-1.56,-2.52,-2.81,-3.63,-3.69,-3.80,-4.47,-5.76
4.81,4.87,4.56,4.82,5.11,3.75,4.24,3.87,3.30,2.61,1.60,0.72,-0.86,-1.69,-2.55,-1.48,-2.58,0.73,3.37,-1.08,-7.21,-3.22,-0.41,-1.53,-5.04,-1.84,-0.20,0.42,-0.59,-1.07,-1.83,-0.77,-0.80,1.18,1.08,2.81,-1.57,-3.09,-3.68,-2.45,-1.35,-0.94,-0.43,-0.43,-0.65,-0.91,-0.64,0.35,1.18,1.34,1.22,0.65,0.47,0.70,-0.24,0.51,0.92,0.46,1.46,1.47,2.34,0.43,-3.26,-3.67,-3.93,-3.78,-2.38,-1.51,-0.54,-0.88,-0.73,-1.11,-2.81,-3.84,-3.70,-4.15,-3.79,-5.09,-4.64,-5.08
6.03,5.61,5.78,5.80,5.60,5.18,5.13,4.20,3.78,3.25,2.17,1.46,0.39,-0.94,-2.06,-2.60,1.07,3.52,-3.30,-8.63,-5.58,1.14,-0.41,-2.33,-2.81,-0.36,0.69,1.53,2.76,-0.10,0.86,-1.10,-1.41,0.88,2.75,2.52,-1.63,-2.37,-4.06,-1.58,-1.26,-0.65,-0.46,-0.52,-0.65,-0.71,-0.42,-1.48,0.23,0.75,0.64,-0.24,-0.07,0.24,-0.01,0.33,0.79,0.27,0.22,1.31,-1.16,-3.18,-2.69,-2.06,-1.55,-2.46,-1.61,-1.08,-1.49,-2.66,-2.21,-2.54,-3.82,-4.93,-4.96,-5.25,-5.43,-6.00,-6.06,-6.45
7.79,6.72,7.79,6.60,6.75,5.98,5.66,5.33,4.33,4.05,2.94,1.87,1.06,0.17,-0.61,-2.09,2.70,-2.10,-6.03,-5.40,-0.73,1.38,-0.20,-1.19,-2.48,0.41,1.82,1.68,2.43,1.69,1.55,0.29,1.55,0.81,0.97,0.80,0.20,-1.08,-1.55,-0.04,-0.28,-0.24,-0.24,-0.27,-0.35,-0.39,-0.62,-1.22,-0.49,0.14,-0.17,-0.16,-0.37,0.06,0.04,0.00,0.16,-0.34,-0.79,-0.79,-1.89,-1.72,-1.19,-0.62,-1.59,-2.03,-1.68,-2.35,-2.01,-3.05,-3.55,-3.84,-4.70,-5.49,-5.80,-6.11,-6.54,-6.63,-7.18,-7.22
7.54,7.00,8.80,7.88,7.11,6.67,5.88,6.10,5.14,4.39,3.78,2.92,2.81,1.00,1.00,4.50,-1.43,-4.62,-4.42,-3.01,1.94,0.68,-0.41,-4.72,-1.16,1.23,1.83,2.01,1.97,2.82,2.57,1.64,1.95,2.02,1.03,0.44,-0.38,-0.81,-0.81,-1.55,-0.15,0.89,0.37,0.28,0.27,0.91,-1.78,-1.50,-1.00,0.12,-0.68,0.26,-0.03,-0.10,-0.39,-0.20,-1.04,-1.13,-0.58,-1.42,-2.21,-1.17,-0.34,-1.93,-2.19,-1.90,-2.16,-2.85,-2.24,-4.87,-4.11,-3.54,-6.15,-6.07,-5.88,-6.68,-7.44,-7.52,-7.30,-7.90
4.12,5.27,2.68,6.83,7.31,7.06,6.73,6.53,5.67,5.11,4.22,3.80,3.15,2.37,2.68,3.56,-0.31,-1.59,-1.43,-0.61,1.47,-1.21,-1.97,-0.91,0.68,1.10,1.94,3.38,3.72,3.55,3.62,3.53,2.60,1.92,1.41,0.58,-1.10,-1.78,-3.23,-1.53,0.40,1.28,1.98,0.21,1.82,0.16,-2.02,-2.63,-1.50,-0.15,-0.64,-0.53,-0.31,-0.80,-0.93,-0.92,-0.87,-2.06,-2.09,-1.72,-1.27,-1.66,-1.41,-1.68,-2.01,-2.13,-2.54,-3.48,-4.03,-5.32,-5.28,-5.04,-6.66,-6.55,-6.57,-6.43,-7.31,-7.67,-7.48,-7.98
7.29,5.98,-3.22,3.52,6.76,7.25,6.48,6.98,6.39,5.09,4.70,3.97,3.46,3.57,3.70,3.35,0.67,-1.14,-0.61,1.80,2.01,-1.47,-0.04,0.28,1.50,2.29,3.69,4.60,4.17,4.17,4.93,4.22,3.07,2.23,1.12,0.25,-0.97,-2.94,-1.13,0.46,1.43,2.29,2.83,0.68,1.09,-0.23,-1.75,-2.93,-1.44,-0.27,-0.37,-0.83,-0.85,-1.11,-1.43,-1.07,-2.45,-2.31,-1.96,-1.87,-1.20,-1.76,-1.89,-2.24,-2.60,-2.59,-3.63,-4.48,-5.65,-5.57,-6.23,-6.43,-6.84,-6.65,-7.73,-7.58,-7.62,-7.52,-7.74,-7.72
5.68,5.38,2.94,4.64,6.37,7.13,6.91,6.23,7.03,5.95,4.80,4.36,3.83,4.98,5.13,3.85,2.00,0.71,2.97,1.49,0.51,0.47,1.15,2.84,3.82,4.75,4.01,4.42,4.84,5.20,4.69,4.33,3.70,2.89,1.24,0.50,-1.39,-1.11,0.12,2.15,3.26,3.02,2.22,3.57,-0.72,1.14,-0.80,-2.54,-1.29,-0.87,-0.69,-1.19,-0.81,-0.99,-1.11,-1.45,-2.16,-2.08,-1.99,-2.02,-2.50,-2.42,-3.10,-3.23,-3.63,-4.04,-5.42,-5.65,-6.12,-5.50,-7.17,-7.46,-7.74,-7.84,-7.74,-7.64,-7.50,-7.32,-7.88,-7.79
3.49,6.01,4.56,7.08,7.59,7.07,7.17,6.68,6.71,5.73,4.80,4.63,5.10,5.56,5.33,4.61,4.16,3.59,2.59,1.97,3.18,2.80,3.36,3.92,5.21,5.07,1.61,3.25,4.13,5.22,4.92,4.59,4.13,3.21,1.88,0.42,-0.71,-0.10,0.95,0.31,2.93,2.93,2.45,2.39,0.86,0.24,-4.02,-3.65,-1.23,-0.56,0.14,-0.73,-0.76,-0.96,-1.58,-1.54,-1.43,-1.81,-1.98,-2.80,-3.21,-3.56,-3.66,-4.24,-4.89,-5.40,-6.35,-6.26,-6.33,-6.51,-7.51,-7.49,-8.26,-8.03,-7.86,-7.70,-7.71,-7.64,-7.55,-7.68
0.10,4.80,6.90,7.45,8.59,8.35,6.27,7.02,6.04,6.06,5.01,4.66,5.23,5.46,5.85,5.43,4.59,3.68,3.00,3.04,4.51,4.09,4.32,4.65,5.36,3.25,1.76,2.67,3.39,6.38,4.57,4.10,4.13,3.39,2.65,0.68,0.02,-0.18,1.55,4.51,2.39,2.81,2.87,2.92,-1.22,-1.08,-3.25,-2.74,-2.20,-0.28,0.38,-0.38,-0.51,-1.00,-1.69,-1.77,-1.59,-2.28,-3.35,-3.74,-3.68,-4.66,-4.64,-5.04,-5.58,-6.21,-6.98,-6.92,-6.79,-7.30,-7.63,-7.81,-7.89,-7.82,-7.82,-7.06,-7.58,-7.30,-7.17,-7.24
-1.68,2.87,6.33,6.54,6.35,7.63,6.22,6.54,5.82,5.73,5.11,4.25,4.97,5.74,5.99,5.34,3.97,2.69,3.52,3.84,4.31,5.29,5.18,4.14,2.74,2.14,1.56,3.10,2.73,3.10,3.69,2.91,3.94,2.98,2.76,1.06,0.18,0.78,3.23,4.41,4.48,2.38,5.09,0.60,-1.68,-0.15,-3.74,-2.76,-2.12,-1.14,-0.43,-0.47,-1.12,-0.93,-2.47,-2.87,-3.14,-3.46,-4.59,-4.66,-4.60,-5.13,-5.25,-5.61,-5.97,-6.61,-7.37,-6.88,-6.59,-7.21,-7.61,-7.80,-7.65,-7.47,-7.47,-6.98,-6.93,-8.25,-7.19,-6.49
-0.31,-0.62,5.27,7.03,5.42,5.50,5.26,4.97,5.15,5.48,5.55,5.07,5.52,5.64,5.29,5.36,3.89,3.10,3.30,4.39,2.15,1.90,2.72,4.23,4.08,1.78,0.19,2.86,3.19,-0.01,0.33,2.09,2.98,2.10,2.59,2.09,0.58,1.53,3.41,5.65,3.13,1.73,1.19,-0.29,-1.32,-2.76,-3.87,-2.36,-0.52,-1.10,-1.20,-1.55,-1.90,-2.57,-3.05,-2.99,-2.80,-4.54,-4.23,-5.47,-5.45,-5.71,-5.56,-5.84,-6.23,-6.75,-6.92,-6.83,-6.50,-6.99,-7.36,-7.68,-7.98,-7.34,-7.16,-7.06,-6.91,-7.18,-7.52,-7.46
0.87,-0.80,5.09,6.30,5.59,4.21,4.06,3.99,4.78,5.90,5.83,6.50,5.93,5.80,4.80,3.90,3.12,2.47,2.92,4.93,3.11,1.47,3.15,3.36,2.51,1.72,-0.42,0.95,3.76,0.06,-3.59,1.00,1.36,1.60,2.25,2.04,1.14,0.97,3.67,5.34,2.90,0.92,-1.84,-1.22,-4.02,-1.99,-2.61,-1.27,0.03,-1.58,-2.31,-2.36,-2.69,-2.91,-3.33,-3.15,-3.57,-4.76,-5.03,-5.11,-5.45,-6.04,-6.13,-6.16,-6.46,-6.48,-6.48,-6.33,-6.45,-6.37,-7.01,-8.06,-8.00,-7.24,-7.23,-7.03,-6.87,-6.44,-7.17,-8.33
4.32,3.03,5.38,4.64,3.49,3.70,3.62,4.82,5.21,5.70,6.08,6.98,6.22,6.37,4.92,4.08,3.36,2.68,2.52,3.91,1.13,1.86,2.18,1.32,0.79,0.32,-0.27,0.82,1.68,-7.10,-5.55,0.21,1.24,1.19,1.69,2.55,1.32,0.89,2.92,3.89,1.57,-1.07,-4.58,-4.71,-3.55,-1.61,-1.68,-1.54,-1.04,-2.25,-3.00,-3.08,-1.76,-3.15,-3.62,-3.69,-4.10,-4.61,-5.28,-5.56,-5.68,-5.87,-6.17,-6.61,-6.64,-6.37,-6.68,-6.69,-6.73,-6.40,-8.18,-7.68,-7.47,-7.89,-7.51,-7.49,-7.10,-6.70,-7.11,-7.77
2.54,0.97,2.61,2.95,2.53,3.13,3.24,4.57,5.24,5.39,6.14,5.98,5.81,6.52,5.14,3.37,2.41,2.52,2.26,3.72,1.27,1.28,2.63,0.06,0.40,0.28,1.86,2.24,-3.04,-4.25,-3.76,-0.12,1.08,0.99,1.95,2.35,2.24,1.36,1.32,2.62,1.61,-1.34,-3.76,-3.02,-2.38,-1.54,-1.69,-1.54,-2.40,-2.59,-3.22,-3.63,-2.17,-3.87,-3.63,-3.59,-4.62,-4.73,-5.84,-5.44,-5.84,-5.75,-5.99,-6.45,-6.47,-6.75,-7.34,-7.28,-6.98,-7.53,-8.15,-7.94,-7.89,-7.92,-7.79,-7.43,-6.82,-6.81,-8.02,-7.20
0.96,0.10,-1.47,0.34,1.56,1.94,2.11,3.28,4.17,4.42,4.15,4.50,5.18,4.82,3.70,1.55,0.88,1.87,2.23,3.91,-0.77,1.52,-0.05,-0.29,1.30,0.52,2.08,-2.10,-6.29,-4.12,-1.13,-0.04,0.83,0.48,2.56,2.18,2.09,2.49,1.72,2.97,2.62,-1.46,-1.36,-1.28,-1.15,-0.51,-1.80,-2.36,-2.46,-2.85,-3.37,-3.39,-3.03,-3.49,-3.77,-3.13,-3.67,-5.29,-5.42,-5.72,-5.72,-5.37,-5.99,-6.77,-6.00,-7.04,-7.67,-7.34,-7.88,-8.23,-7.99,-7.59,-7.25,-7.09,-6.87,-7.59,-6.86,-7.11,-7.61,-7.30
1.66,1.75,0.70,-1.14,0.17,0.71,1.05,1.20,1.41,1.76,2.13,2.47,2.61,2.36,1.51,0.99,0.31,1.63,2.67,-0.70,0.58,2.05,-1.12,0.59,2.12,3.26,3.24,-5.98,-5.59,-1.19,0.70,1.20,0.96,0.91,2.30,2.15,2.31,2.93,2.87,2.29,2.39,-0.29,-0.95,-2.08,-0.82,-0.75,-0.37,-2.63,-1.80,-2.00,-2.88,-2.48,-3.16,-3.87,-3.37,-3.24,-4.42,-4.85,-4.59,-5.46,-5.63,-5.72,-5.72,-6.08,-6.28,-6.64,-6.95,-7.46,-8.71,-7.83,-8.30,-6.92,-6.32,-7.23,-7.29,-7.62,-7.22,-7.91,-7.67,-7.76
2.31,1.92,1.13,-1.19,-0.86,-0.93,0.19,0.68,0.79,0.95,1.47,1.90,0.20,-0.55,1.64,0.13,1.12,3.04,2.16,0.30,1.11,1.30,-0.51,2.03,3.02,4.31,-8.91,-4.31,-2.33,3.15,-0.12,1.66,1.17,1.16,2.31,2.48,2.65,2.41,2.91,2.56,2.40,2.47,-3.10,-1.96,-0.33,0.21,-0.69,-2.22,-1.16,-1.54,-2.42,-2.68,-3.29,-3.71,-3.80,-3.93,-3.85,-4.27,-4.71,-4.56,-5.27,-5.05,-5.14,-5.28,-6.26,-6.93,-7.00,-6.81,-8.10,-8.29,-8.39,-8.58,-7.83,-7.66,-7.67,-8.19,-8.03,-7.92,-8.33,-7.64
2.87,2.71,0.60,0.12,-0.91,-1.63,-0.57,1.24,0.89,0.88,0.45,0.55,-0.96,0.04,2.37,1.37,2.18,1.83,2.29,-0.23,1.16,2.48,2.29,1.14,2.53,1.03,-4.23,-3.45,-0.06,5.71,3.47,-1.33,0.93,1.38,2.69,2.70,2.61,2.90,2.66,2.96,2.67,1.70,-1.07,-0.76,0.18,-0.35,-1.90,-0.95,-0.77,-1.38,-2.32,-2.57,-2.77,-3.05,-3.41,-3.55,-3.54,-4.20,-4.23,-4.72,-4.76,-4.28,-4.56,-6.01,-6.05,-6.44,-6.94,-6.88,-7.40,-8.28,-8.53,-8.42,-8.20,-8.22,-8.26,-8.14,-7.87,-8.00,-8.19,-7.95
3.71,2.52,2.24,1.07,-1.23,-1.42,-0.32,-2.25,1.20,-0.03,0.05,-0.37,-0.36,0.50,2.61,0.74,1.23,2.08,0.98,1.45,0.65,2.64,2.75,3.24,3.05,3.59,-0.11,-1.93,1.09,3.29,5.10,-2.60,1.25,2.04,2.50,2.71,2.89,3.00,3.20,3.99,3.05,2.44,1.51,0.98,0.85,0.23,0.50,0.10,0.03,-1.06,-1.13,-1.76,-1.93,-2.15,-3.79,-3.52,-4.00,-4.63,-3.54,-4.50,-3.62,-4.63,-5.02,-6.24,-6.08,-6.11,-6.24,-6.79,-6.71,-7.39,-7.79,-7.93,-7.84,-8.07,-7.67,-7.58,-7.22,-7.50,-7.35,-7.45
1.11,3.58,1.85,2.21,-0.00,0.47,0.88,-0.51,0.25,0.04,0.37,1.01,3.57,2.21,-0.05,-1.28,-0.09,2.27,-0.17,1.82,2.53,2.30,2.96,2.18,5.12,2.69,2.41,2.45,0.98,2.29,3.34,-0.36,1.45,4.02,3.15,3.09,3.88,3.58,3.91,3.54,3.01,5.23,3.80,2.83,1.66,0.78,1.36,0.88,0.92,-1.21,0.10,-1.97,-1.79,-1.87,-2.31,-2.10,-3.75,-3.48,-3.28,-3.58,-3.37,-4.21,-4.39,-5.52,-5.58,-5.86,-5.97,-6.34,-6.83,-7.54,-7.79,-7.86,-7.30,-7.04,-6.62,-6.42,-6.16,-6.64,-6.62,-6.37
1.84,3.54,2.45,2.99,1.70,1.49,0.28,-0.56,-0.08,0.22,0.22,-0.91,2.99,3.39,-0.41,0.13,0.92,1.73,1.55,2.39,3.70,2.59,2.53,3.66,2.69,1.97,2.91,1.29,-0.65,0.52,1.18,2.03,0.47,3.03,2.67,2.85,4.45,3.64,3.32,2.84,1.27,5.15,2.88,3.23,1.97,1.92,1.57,1.57,0.70,-0.22,-0.05,-0.25,-0.41,-1.20,-1.38,-1.70,-3.53,-3.09,-3.21,-2.94,-3.02,-3.20,-3.91,-4.65,-5.15,-4.97,-5.25,-5.50,-6.72,-6.08,-6.21,-6.63,-6.96,-6.33,-6.22,-6.39,-5.90,-5.82,-6.01,-5.42
3.13,1.65,1.27,3.19,2.10,0.97,-0.42,-1.56,-0.18,0.21,-0.45,-1.62,0.02,2.81,-0.85,-0.14,0.71,-0.57,2.77,3.43,3.68,3.28,3.72,4.68,5.38,2.74,1.77,-1.41,1.85,0.95,1.60,1.85,1.68,2.03,2.24,2.82,2.84,1.88,3.84,2.25,3.92,3.04,0.41,1.83,1.83,1.91,2.40,3.08,2.01,0.76,0.51,0.54,0.58,-0.60,0.41,-1.02,-2.00,-2.64,-2.47,-2.76,-2.87,-2.78,-2.68,-3.41,-3.95,-5.04,-5.03,-5.08,-5.44,-5.15,-4.77,-5.38,-5.71,-5.36,-4.98,-5.28,-5.12,-4.65,-4.32,-4.30
3.45,-0.53,-0.56,-1.15,-2.55,-1.66,-1.95,-1.03,-0.68,1.30,-1.50,-2.23,0.35,2.37,3.12,-0.26,-0.02,-0.11,2.88,3.70,4.11,4.15,3.10,4.89,4.39,0.91,-0.03,0.04,0.93,0.77,2.24,3.07,3.04,2.25,3.81,0.79,3.39,3.18,2.75,3.56,3.66,8.02,-1.89,1.71,2.35,2.53,2.72,2.92,1.90,1.33,1.38,1.38,0.77,0.39,1.01,0.31,-0.17,-1.43,-1.36,-1.65,-1.94,-2.02,-2.22,-3.62,-3.49,-4.28,-3.90,-3.74,-4.05,-4.38,-3.44,-3.87,-4.10,-3.20,-3.54,-4.19,-3.90,-3.03,-2.51,-2.07
1.56,-3.16,-5.25,-4.03,-3.94,-4.10,-3.50,-2.19,-1.72,0.14,0.83,1.07,0.16,0.14,2.65,1.03,-0.24,0.57,2.18,4.53,3.94,2.63,2.86,2.88,-0.71,-2.26,0.43,0.54,0.86,1.07,2.21,5.37,4.73,1.71,4.18,2.98,3.03,3.88,4.03,2.68,4.85,7.21,2.98,1.57,4.00,3.69,3.70,2.89,2.58,1.90,1.79,1.98,2.02,0.77,1.74,2.35,0.84,-0.59,-0.29,-0.08,-0.36,-0.42,-0.76,-1.35,-2.18,-3.07,-2.13,-2.20,-2.25,-2.22,-2.04,-1.66,-1.61,-2.43,-3.67,-3.15,-2.61,-2.08,-1.61,-0.94
-5.18,-6.32,-2.02,-4.51,-3.14,-1.35,-1.06,-0.17,0.12,0.73,1.66,1.73,3.15,1.86,2.28,2.14,0.58,3.34,1.14,3.99,0.23,-2.18,0.57,0.43,-1.83,-0.72,0.92,2.86,1.89,0.83,2.17,3.12,0.46,2.24,5.29,2.08,3.01,4.36,2.50,4.46,2.26,6.44,7.49,4.17,3.66,4.79,5.13,4.25,4.68,2.65,1.99,1.75,2.07,1.43,2.75,3.05,0.99,-0.78,0.07,1.68,1.56,0.98,0.97,0.75,0.36,0.57,0.42,0.91,0.38,0.46,0.20,-0.30,-0.26,-0.69,-1.16,-1.39,-1.02,-0.54,-0.03,0.40
-5.95,-2.14,-4.35,-1.40,-0.84,1.45,3.77,4.32,5.40,4.18,2.15,4.01,4.53,0.12,-0.26,-0.98,0.44,2.68,2.51,4.34,-0.00,-3.75,-3.00,-3.31,-1.78,-0.57,-0.48,-0.24,1.39,1.87,-0.01,2.76,1.54,-0.02,3.87,4.53,3.28,1.82,3.59,5.26,5.99,3.37,7.16,6.81,5.25,4.70,5.58,6.23,5.21,3.99,3.55,3.22,3.18,3.55,3.62,3.16,2.05,0.92,1.37,2.46,3.19,2.86,2.87,2.51,2.17,1.95,2.84,2.99,3.01,1.97,2.27,2.10,1.56,1.34,1.45,1.42,1.52,1.81,2.23,2.35
-4.33,-2.04,1.29,1.05,3.85,4.81,6.99,8.16,5.74,4.16,6.94,4.91,3.08,-2.99,-0.98,0.03,3.10,3.13,6.14,4.43,0.51,-5.48,-4.51,-3.50,-3.06,-2.06,0.00,0.33,-1.94,-0.96,-0.00,3.52,2.02,0.40,3.23,4.97,2.75,2.34,3.66,5.34,3.73,3.85,5.69,7.31,6.94,6.03,5.40,6.11,6.87,6.38,5.16,5.62,5.21,4.87,4.86,4.08,3.68,3.42,3.58,3.81,3.81,4.13,4.74,4.82,4.80,4.04,4.25,4.41,4.10,3.73,3.41,3.87,3.19,2.91,2.94,3.45,3.68,3.78,4.10,4.76
-1.01,1.48,4.60,9.68,6.86,8.71,10.21,6.50,4.15,5.45,7.03,4.62,2.21,-0.65,-0.27,-0.04,5.32,1.72,4.48,-2.82,-4.18,-4.15,-4.38,-4.12,-3.23,-1.81,-1.48,-1.43,-1.47,-2.37,-1.87,-2.99,-1.62,0.00,2.73,3.76,2.96,2.98,4.85,6.04,5.85,6.21,2.47,6.55,6.51,6.25,5.80,5.82,6.74,7.55,7.63,7.13,6.78,6.46,6.45,6.18,6.01,5.20,5.06,6.15,5.88,5.80,6.27,7.06,6.84,6.97,6.29,5.21,4.86,4.74,5.41,4.35,4.30,4.76,4.41,5.00,5.41,5.33,4.40,3.41
6.83,3.27,5.05,6.25,0.73,-0.77,5.88,8.34,2.60,0.04,0.91,0.18,6.00,-0.13,-0.54,0.61,1.49,0.14,-2.03,-2.43,-2.03,-0.25,-0.13,-1.50,-2.42,-1.61,-1.76,-0.87,-0.44,-2.79,-2.39,-4.12,-1.55,1.35,1.97,2.56,5.64,3.56,5.46,4.71,6.48,4.01,6.24,3.97,5.53,5.98,6.18,6.24,6.90,7.05,6.26,8.09,8.04,8.19,8.24,8.15,8.09,7.64,7.89,8.11,8.07,9.02,9.17,8.87,8.51,8.51,8.21,7.11,5.91,6.02,6.38,5.96,5.26,5.15,5.39,5.81,6.27,5.72,5.31,4.99
6.58,8.66,6.95,6.82,1.49,0.49,7.11,7.69,6.84,-0.34,-3.17,-1.29,-0.65,-0.15,-1.70,-1.22,-2.07,-2.46,-3.00,-0.54,-1.67,0.29,-0.12,-1.78,-3.45,-0.53,1.44,1.97,-2.58,-2.71,-0.35,1.25,1.38,0.54,-0.47,2.48,4.69,6.05,4.99,5.62,6.14,5.45,5.51,4.50,4.85,5.54,6.26,6.68,7.27,7.27,5.83,7.46,7.78,9.39,9.09,8.84,9.64,9.25,10.25,10.48,10.18,10.55,11.59,11.61,10.71,10.36,9.20,9.14,7.44,6.95,7.03,6.62,6.58,6.44,6.16,6.60,7.05,6.86,6.35,6.07
8.91,8.79,6.68,6.58,6.66,4.06,8.75,5.06,6.91,4.14,-0.76,0.33,1.89,1.49,0.96,-1.74,-2.77,-1.33,-0.95,-1.28,-1.31,-0.50,-0.63,2.00,-5.52,-2.80,-2.22,-0.72,-3.01,-3.46,-0.14,-0.26,0.02,-1.06,0.90,1.82,3.08,5.03,6.03,5.97,5.42,6.23,4.88,5.48,5.81,6.50,5.27,7.73,7.65,7.36,6.57,7.18,3.52,5.55,9.34,10.07,10.54,11.41,11.42,11.29,11.47,11.39,11.23,11.76,12.32,11.00,13.11,9.97,8.49,8.19,7.71,7.69,7.80,7.66,7.55,7.82,7.94,8.21,8.02,7.49
13.60,9.74,9.35,7.40,5.57,5.71,8.82,7.76,4.65,6.14,3.82,7.96,6.84,4.41,0.34,0.89,-0.77,-0.97,-0.97,-0.16,-0.28,-1.67,-0.85,-4.05,-4.94,-2.47,-2.20,-4.59,-2.61,-0.68,1.15,1.32,2.14,1.52,-0.20,1.32,2.55,4.69,5.35,6.86,7.63,5.64,4.88,6.14,5.24,5.65,4.91,5.87,6.44,7.47,6.46,6.58,3.25,7.51,6.98,3.95,8.22,11.02,12.66,11.50,11.29,10.77,10.28,10.92,11.96,14.49,16.32,10.93,8.38,8.03,8.23,7.67,7.99,8.31,8.67,9.61,10.05,10.36,9.94,9.43
13.89,14.05,10.94,2.19,1.95,0.98,4.39,6.56,8.32,8.64,8.27,6.73,9.04,-0.35,9.45,4.87,-1.22,-1.83,-0.14,-0.71,-6.17,-2.97,-4.62,-5.80,-6.78,-5.54,-5.65,-3.54,-1.91,-3.21,-0.88,1.62,0.67,-0.91,-2.13,-0.49,1.57,4.02,5.20,6.42,9.95,7.45,3.46,4.28,3.72,3.16,3.58,5.21,4.39,5.76,5.04,6.71,7.61,4.93,6.02,5.82,6.35,5.01,5.29,9.75,8.69,7.81,8.15,7.31,8.64,9.61,9.19,5.91,5.75,6.19,6.60,7.40,7.94,8.44,8.54,9.02,9.16,9.22,10.83,10.33
