public/layers/2020062909_UV_SFC.json
{"header": { "refTime": "2020-06-24T00:00:00.000Z", "parameterCategory":  2, "parameterNumber":   3, "surfacelType": 104, "surfacelValue":        0.0, "forecastTime":  129, "scanMode": 0, "nx": 101, "ny": 61, "lo1": 80, "la1": 60, "lo2": 180, "la2": 0, "dx": 1, "dy": 1 }, "data":
[rows 0 to 35 of 61, columns 0 to 80 of 101]
5.42,5.81,6.16,6.23,6.39,6.34,5.94,5.18,4.19,3.77,3.15,2.47,2.56,2.23,2.00,1.01,0.93,1.43,1.79,3.40,2.72,-0.18,1.26,2.37,5.67,5.42,6.52,5.75,5.31,4.60,0.52,-0.71,0.18,1.03,-0.88,1.39,0.26,0.68,2.27,2.87,1.17,-0.44,-0.85,-0.06,2.45,3.49,2.50,-0.29,-0.37,1.36,0.27,-1.74,-4.23,-3.64,-2.95,-1.69,-1.84,-0.80,-0.57,1.08,1.47,1.61,1.83,2.17,2.85,1.26,0.12,0.61,1.38,2.08,2.50,3.02,3.24,3.49,3.89,4.04,3.92,3.77,3.19,2.38,2.03
5.14,5.73,6.03,6.12,6.21,6.11,6.01,6.10,5.67,4.87,4.53,4.29,3.52,3.24,2.46,1.85,0.93,2.78,1.69,2.29,-1.26,1.37,2.40,2.28,5.68,6.91,6.21,5.31,4.45,0.64,-0.34,-0.46,-0.65,-1.04,0.65,1.09,1.48,2.03,3.41,3.15,0.41,1.54,0.94,0.33,-1.03,3.16,1.68,0.35,-0.44,0.70,-1.23,-2.36,-2.83,-2.95,-3.10,-3.66,-2.30,-1.78,-1.30,-0.07,0.95,1.01,2.11,2.13,1.14,1.10,0.70,1.34,1.82,1.54,2.12,3.04,3.08,2.72,2.52,2.22,1.82,1.80,2.25,2.88,2.84
5.55,5.91,6.34,6.90,6.90,6.35,6.04,5.67,5.33,5.52,5.25,4.67,4.08,3.87,2.97,2.29,1.93,0.61,3.32,2.10,2.08,0.22,1.07,3.85,4.47,6.65,5.92,5.14,3.34,-3.07,-4.09,-4.96,-2.13,-0.39,-0.84,-0.40,0.38,-1.94,-1.73,0.26,1.05,-0.49,-1.01,-1.22,-1.32,-0.68,0.39,-0.02,-1.48,-2.29,-1.61,-1.75,-2.45,-3.17,-2.64,-1.68,0.12,-0.34,0.12,0.57,0.25,1.15,2.67,2.03,-0.11,0.33,1.19,1.03,1.32,1.60,1.31,1.53,1.75,0.60,0.63,1.38,1.57,1.37,1.85,1.50,2.06
5.40,5.73,6.14,6.07,6.49,7.49,6.81,6.59,6.66,6.38,5.77,5.44,4.90,4.00,3.51,3.20,0.40,2.90,2.88,-1.42,1.10,4.55,3.31,1.54,5.75,6.37,5.53,4.79,3.57,1.27,-1.10,-3.51,-3.97,-2.54,1.09,0.34,-1.37,0.35,0.66,1.39,1.81,1.30,0.59,0.03,-0.04,0.11,0.54,0.11,-1.62,-2.63,-2.56,-3.21,-2.85,-2.22,-1.45,-0.23,-0.94,-0.61,0.29,-0.34,0.37,1.02,-1.60,-1.13,-0.47,0.46,1.23,0.72,-1.11,-1.80,-1.05,-0.55,-0.29,0.13,-0.09,0.17,0.47,0.50,0.69,0.98,0.89
5.12,6.05,6.54,6.77,6.80,6.40,6.96,6.98,6.88,7.11,7.07,6.80,6.30,5.34,4.79,4.20,4.36,2.37,-1.56,1.21,5.53,3.82,2.52,2.54,6.36,6.62,6.13,5.46,4.34,3.18,0.19,-1.08,-1.87,-3.79,-2.59,-1.56,-0.13,0.73,0.42,1.49,2.22,1.88,1.10,0.54,0.43,0.36,0.90,0.60,-1.78,-2.80,-3.04,-2.81,-2.15,-2.39,-2.69,-2.52,-1.90,0.22,0.13,1.37,-0.24,-0.98,-0.68,-0.09,-0.43,-1.09,-0.97,-0.08,-0.91,-0.88,-0.76,-1.86,-0.99,-0.91,-0.86,-0.44,-0.42,-1.09,-2.13,-2.21,-1.94
3.16,3.55,5.26,6.82,6.77,6.90,6.43,6.88,7.02,6.81,7.03,6.85,7.36,7.08,6.51,7.23,3.05,-3.24,1.77,4.25,7.05,1.54,-0.13,0.52,6.90,6.34,5.87,4.89,2.64,2.27,1.46,0.18,-0.26,-1.08,-3.93,-4.79,-1.60,-1.08,0.84,2.42,2.74,2.27,2.04,1.37,1.24,1.48,1.09,-0.50,-1.58,-2.15,-2.99,-2.42,-2.52,-2.95,-2.80,-2.70,-3.13,-3.39,-2.95,-2.75,-1.29,-1.37,-0.40,-1.14,-1.91,-2.54,-2.47,-1.61,-1.75,-1.22,-1.64,-1.62,-2.16,-1.94,-2.02,-1.51,-1.92,-2.48,-2.35,-2.51,-2.87
1.25,3.75,6.81,6.97,7.04,7.03,7.12,7.01,7.25,7.08,6.74,7.12,6.71,7.39,7.82,8.80,-4.04,-1.13,1.95,4.53,4.80,0.48,-1.52,1.01,6.45,6.39,5.19,3.86,3.70,2.31,1.97,0.99,-0.10,-0.18,-0.18,-2.79,-2.84,-0.75,2.23,3.96,3.77,3.36,2.88,2.32,2.85,2.17,3.42,0.45,-1.01,-1.90,-2.05,-2.19,-2.25,-2.70,-3.12,-3.10,-2.63,-2.80,-3.22,-3.56,-2.38,-2.27,-3.12,-2.68,-2.47,-2.14,-2.07,-1.43,-1.77,-0.98,-1.99,-3.11,-1.90,-2.58,-2.44,-2.15,-2.28,-2.60,-2.71,-2.73,-2.75
2.50,0.93,8.16,9.31,8.33,7.56,7.57,7.54,7.61,7.46,7.34,7.13,7.26,7.24,7.70,6.89,1.35,1.84,2.54,4.28,2.64,-2.54,-0.75,2.65,4.97,4.88,4.58,3.74,3.65,2.97,1.68,1.22,0.94,0.43,0.95,0.27,-0.70,-0.81,1.13,3.50,3.66,3.13,1.97,3.08,1.93,0.21,2.57,1.02,-0.70,-1.77,-2.17,-1.88,-2.20,-2.23,-2.48,-2.60,-2.87,-2.20,-2.65,-3.12,-2.51,-2.53,-3.05,-3.21,-2.44,-1.94,-1.58,-1.37,-1.69,-2.55,-2.57,-3.09,-3.10,-2.89,-3.29,-3.64,-3.08,-2.75,-2.83,-2.33,-2.68
5.62,2.15,5.29,7.68,8.65,8.55,8.43,7.42,7.70,8.37,7.87,7.51,7.46,7.79,7.38,7.29,4.95,4.10,3.47,4.50,1.57,1.23,1.40,3.13,4.42,5.22,5.05,5.19,4.70,2.98,2.57,2.39,1.81,1.78,2.19,1.75,0.88,1.04,2.40,2.77,3.05,2.75,1.62,1.31,1.59,0.52,0.39,1.63,1.09,-0.65,-1.72,-1.99,-2.18,-2.39,-2.45,-3.01,-3.58,-3.32,-2.78,-2.32,-2.57,-2.63,-2.68,-3.33,-2.64,-1.67,-1.34,-1.71,-2.70,-2.38,-2.23,-2.70,-2.87,-2.64,-2.80,-3.05,-3.23,-2.88,-2.39,-2.61,-2.25
6.87,3.64,3.82,5.80,6.68,8.14,8.93,8.65,7.89,8.25,8.50,7.94,7.81,7.96,8.04,7.42,7.10,5.19,3.94,-0.22,1.17,3.11,2.62,2.64,3.92,3.77,6.68,5.75,4.26,4.09,3.44,3.63,2.86,3.22,3.90,3.00,1.82,2.79,3.10,3.10,3.11,2.31,1.66,0.95,1.94,0.20,1.27,2.65,0.69,-0.81,-1.36,-1.71,-1.79,-2.33,-2.03,-2.79,-3.49,-3.35,-3.14,-2.24,-1.93,-2.40,-2.80,-3.15,-2.95,-2.07,-2.70,-2.92,-2.88,-2.64,-2.16,-2.61,-2.70,-3.56,-3.51,-3.57,-3.29,-3.08,-2.34,-2.25,-2.31
8.42,2.02,3.13,5.09,6.72,7.64,7.89,8.52,8.32,9.10,8.70,8.00,7.77,7.48,7.09,7.13,7.31,5.48,3.25,0.35,0.96,2.44,3.12,3.18,3.01,3.33,2.83,7.53,6.26,5.76,5.33,4.87,3.98,4.63,5.58,5.16,4.03,3.23,2.76,3.58,3.61,3.32,2.21,0.88,0.82,1.92,1.11,0.72,0.09,-0.21,-0.31,-0.65,-1.53,-2.06,-1.53,-2.03,-2.19,-2.35,-2.32,-1.75,-1.43,-2.00,-2.47,-3.10,-3.27,-3.44,-2.67,-3.35,-2.96,-3.05,-3.49,-3.50,-3.10,-3.05,-3.39,-3.47,-3.73,-3.45,-3.08,-3.06,-2.73
6.43,6.65,4.97,5.28,4.96,6.84,7.90,8.22,8.82,8.76,8.77,8.32,7.75,7.30,6.61,6.77,5.57,4.76,3.50,1.04,3.54,3.93,3.48,2.95,3.17,4.38,4.23,4.36,4.65,8.09,7.55,6.28,5.12,5.95,6.00,6.38,5.09,3.38,2.11,2.05,3.41,2.83,3.03,3.19,1.62,-1.08,0.45,-0.71,-0.96,-0.48,0.49,0.41,-0.93,-1.89,-0.74,-0.24,0.12,-1.04,-1.47,-1.64,-2.10,-1.78,-2.62,-2.96,-3.67,-3.28,-3.66,-2.87,-2.63,-2.45,-2.53,-2.67,-3.18,-3.19,-3.72,-3.55,-3.59,-2.99,-3.62,-3.54,-2.99
5.42,5.71,4.06,4.30,4.42,6.72,7.95,8.25,8.97,9.18,9.28,8.77,7.52,6.55,5.97,5.18,4.91,4.99,4.72,1.52,3.82,6.03,5.24,3.12,2.37,3.95,3.06,4.57,3.28,4.13,9.75,7.53,6.56,6.45,6.02,6.17,5.49,4.90,3.74,2.43,0.90,3.26,3.69,2.20,2.79,0.32,0.84,-1.04,-1.15,-0.79,0.34,0.61,-0.41,-0.56,-0.11,-0.41,0.04,-0.57,-0.64,-1.36,-2.32,-2.51,-2.00,-2.58,-3.24,-3.24,-3.25,-2.93,-2.22,-1.81,-2.03,-2.27,-2.48,-3.03,-3.38,-3.46,-3.82,-4.23,-3.89,-3.46,-3.63
0.32,3.98,2.98,4.30,5.09,7.01,7.65,7.81,8.27,8.49,8.20,8.55,8.36,6.79,6.22,5.06,4.72,5.39,4.90,1.57,1.95,4.80,3.62,2.62,3.63,3.58,3.37,1.47,-0.36,3.07,9.98,8.19,6.86,6.01,5.50,5.42,5.21,5.55,3.90,2.69,1.40,0.01,1.35,4.78,2.82,2.23,0.19,-0.98,-1.65,-0.83,0.81,1.03,0.70,0.90,0.63,0.28,0.43,-0.09,-0.40,-0.55,-1.07,-1.98,-1.87,-1.71,-1.89,-2.95,-2.83,-2.53,-2.79,-2.68,-2.06,-1.59,-2.23,-2.90,-2.94,-2.66,-3.43,-3.64,-3.36,-2.40,-2.45
-0.55,5.31,3.83,4.86,5.35,6.63,6.88,7.03,7.39,7.31,8.06,8.51,8.34,7.64,6.67,4.75,4.79,6.50,5.42,1.46,3.33,1.16,3.00,4.62,2.92,2.34,2.16,1.82,2.56,3.88,8.71,8.09,7.30,6.42,5.69,5.07,5.57,5.10,3.03,1.75,1.37,-0.37,1.35,3.46,4.70,3.81,2.42,1.51,-0.38,-0.06,1.00,1.89,1.49,1.31,1.26,1.52,1.30,-0.08,0.01,-0.10,-0.93,-1.34,-1.56,-1.46,-1.73,-1.80,-2.14,-2.05,-2.32,-2.33,-1.41,-1.86,-1.89,-2.19,-2.56,-2.32,-2.23,-2.73,-1.99,-1.69,-0.91
-1.85,2.31,3.82,4.27,5.85,6.25,6.10,6.70,7.10,7.31,7.38,7.54,7.78,6.95,6.07,5.48,5.60,6.41,2.52,0.94,1.95,2.72,1.13,3.92,2.68,1.44,2.78,1.90,1.21,3.76,7.39,7.53,7.50,7.35,6.59,5.45,5.97,5.41,4.08,1.63,0.15,0.58,1.82,5.33,6.27,4.52,2.95,1.15,0.04,0.58,0.63,0.65,1.21,2.20,1.72,0.84,0.75,1.70,0.13,0.16,0.03,-1.02,-1.75,-1.87,-1.58,-1.75,-0.68,-2.06,-1.78,-2.31,-2.12,-2.02,-1.84,-2.28,-2.25,-1.90,-1.92,-2.50,-2.53,-2.74,-0.93
-0.84,0.23,3.37,4.72,6.12,6.02,6.20,7.01,6.60,6.51,6.53,6.64,7.17,7.42,8.03,4.76,6.95,6.19,1.88,0.95,2.58,1.09,2.36,2.74,2.86,3.34,2.89,2.54,-0.61,3.07,6.51,7.45,7.92,7.57,6.72,5.28,4.15,3.92,3.73,1.42,1.13,1.24,2.79,4.50,5.73,4.80,3.37,2.20,1.99,2.10,1.65,1.59,1.49,2.00,1.13,0.38,0.17,0.63,0.44,0.36,0.90,-0.54,-1.16,-1.09,-1.25,-1.33,-0.79,-0.97,-1.33,-1.78,-1.48,-1.14,-1.68,-1.93,-2.25,-1.54,-3.08,-2.61,-2.71,-2.89,-2.74
-0.93,0.85,1.80,5.26,6.54,6.03,5.63,5.82,6.12,6.56,6.70,5.77,6.00,6.81,7.99,3.53,4.31,5.80,2.05,1.88,2.65,1.30,2.72,2.34,2.48,3.67,3.71,2.54,0.46,-1.03,5.12,7.44,7.33,6.96,6.20,5.51,3.99,3.10,3.07,1.93,0.96,0.86,2.20,6.92,5.87,4.95,3.48,2.88,2.39,2.75,2.76,2.53,1.95,1.06,1.81,1.35,0.42,-0.01,-0.40,-0.43,-0.26,-0.34,-1.18,-0.80,-1.11,-0.76,-0.38,-1.44,-0.42,-0.55,-0.43,-0.82,-1.12,-2.75,-1.81,-1.79,-2.57,-2.34,-2.43,-2.16,-3.30
-0.97,-0.01,0.26,3.22,7.45,6.42,5.32,4.99,5.13,5.45,5.62,5.03,4.64,6.60,7.92,4.33,3.82,2.71,2.72,2.08,2.84,1.92,2.51,2.52,2.68,3.88,4.51,5.35,3.52,2.44,4.96,7.05,6.93,7.54,6.41,5.02,4.15,3.27,2.46,2.60,0.91,-1.32,1.35,7.70,6.06,4.46,4.23,3.46,2.47,2.98,2.79,3.24,2.55,1.53,2.53,2.08,0.27,1.86,0.70,0.48,0.05,-0.83,-1.30,-0.92,-0.23,-1.46,-0.79,-1.13,-0.65,-1.16,-1.31,-0.44,-0.27,-0.73,-1.04,-1.35,-1.83,-1.66,-1.91,-2.30,-1.78
-0.95,0.15,0.95,1.24,3.57,7.41,5.29,5.10,5.03,5.01,3.85,3.80,4.43,7.23,6.28,3.19,3.43,1.64,1.40,2.71,2.29,1.60,1.82,2.26,2.87,3.42,5.86,7.29,7.52,3.92,4.38,9.35,7.38,7.19,7.00,5.93,4.50,3.22,2.32,2.07,0.91,-2.01,5.03,6.91,5.49,4.46,4.33,3.51,2.96,3.37,3.42,3.35,2.66,1.92,1.66,1.79,1.38,1.45,0.97,0.85,0.44,-0.21,-0.20,-0.14,0.10,0.10,-0.13,-0.09,0.05,-0.99,-1.19,-0.21,0.07,-0.56,-0.93,-1.59,-1.55,-2.24,-1.98,-2.22,-2.26
-1.13,-0.03,0.58,0.09,-0.26,2.85,5.41,5.24,5.42,4.97,4.09,4.14,5.45,6.46,2.48,5.10,3.66,1.00,0.96,1.76,1.83,0.95,2.39,3.28,2.67,1.48,7.21,9.39,8.53,5.89,-2.87,9.59,8.32,7.53,6.76,6.32,4.85,3.21,2.99,2.56,1.87,0.08,3.83,5.25,5.53,5.05,4.28,4.07,3.84,4.02,3.85,3.25,3.01,1.84,1.20,1.48,1.45,1.44,1.56,-0.09,0.46,0.23,-0.19,-0.12,0.00,0.05,0.77,-0.28,-0.58,-0.37,-0.25,-0.00,0.34,0.40,-0.12,-0.40,-0.77,-0.89,-1.60,-2.47,-2.25
1.68,-0.34,-0.90,0.32,1.12,1.66,3.03,6.43,5.48,5.66,5.10,5.50,7.28,3.01,2.38,6.26,3.23,-0.29,-1.58,-1.14,2.00,1.43,1.14,0.22,0.36,0.91,2.93,5.35,8.61,8.07,4.36,9.29,8.62,7.51,7.08,6.02,4.98,4.20,3.27,2.89,3.31,1.90,4.95,5.81,5.90,5.86,5.46,5.11,4.78,4.19,4.23,4.06,2.78,2.05,1.37,1.15,1.35,1.39,0.87,1.92,0.45,0.43,-0.25,-0.08,0.78,0.64,0.28,0.44,1.20,0.83,0.48,0.05,-0.26,0.23,0.20,-0.06,-0.41,-1.09,-1.84,-1.69,-1.82
-3.27,-1.25,-0.31,-0.10,1.15,2.74,3.55,5.40,7.00,6.33,6.79,5.97,3.36,0.48,-0.53,3.82,3.91,0.72,0.61,-0.38,0.54,1.84,2.52,1.46,2.72,2.52,4.78,4.57,6.41,7.42,6.40,4.61,5.61,8.01,7.21,5.58,5.54,4.74,4.03,3.43,2.23,3.46,6.11,7.00,6.80,6.16,5.51,4.93,4.79,5.31,3.74,3.68,2.89,2.43,2.28,2.58,2.17,1.25,1.33,1.82,1.45,1.17,1.10,0.78,1.47,0.93,0.48,-0.08,-0.60,-1.11,-0.50,-0.21,0.57,0.25,0.10,-0.20,-0.31,-0.60,-1.04,-1.23,-1.53
4.24,1.49,-0.44,1.07,3.45,3.85,3.67,5.23,5.41,5.55,4.23,5.65,1.45,1.28,1.48,2.35,3.52,0.55,1.32,1.19,1.12,1.54,2.64,3.12,2.43,3.77,4.95,4.34,-0.33,5.60,4.49,4.59,3.31,5.97,6.56,5.61,5.48,7.13,5.33,4.55,4.58,-0.03,12.42,9.33,8.05,6.72,5.85,4.57,4.15,4.21,4.07,3.78,3.38,3.13,2.39,1.77,3.14,1.85,0.98,2.02,2.26,2.21,1.63,1.31,1.70,1.84,1.06,0.68,-0.69,-0.96,-0.45,-0.16,-0.30,-0.44,-0.76,-1.07,-0.92,-0.77,-1.00,-1.53,-1.74
2.72,4.02,2.98,-0.09,3.38,4.80,3.79,3.17,3.40,5.27,4.18,3.82,1.71,-1.75,2.05,4.05,0.99,-0.58,0.28,1.46,0.81,1.78,2.68,2.72,2.35,3.47,1.81,2.11,5.54,5.74,5.01,5.13,3.76,3.93,4.90,5.06,3.77,4.99,7.94,7.04,7.01,2.09,11.35,11.01,8.04,7.20,6.96,5.16,5.64,4.95,4.34,4.01,3.65,3.39,3.18,3.36,2.46,2.87,1.24,-0.03,1.49,2.19,2.35,2.66,2.48,2.12,1.68,0.79,-0.05,-0.73,-0.60,0.14,0.39,0.19,0.06,-0.22,-0.81,-1.11,-0.97,-1.24,-1.96
1.36,-0.04,1.55,1.73,1.79,1.99,3.22,3.25,3.21,3.19,3.07,1.33,1.56,0.27,0.33,1.93,2.60,1.95,0.51,1.04,2.29,2.11,2.16,1.79,2.49,3.41,2.71,2.78,2.96,4.14,3.77,3.40,4.55,4.73,4.41,3.28,4.88,4.07,4.89,8.69,10.18,6.56,4.23,9.06,8.21,8.42,7.47,5.94,4.78,5.19,4.17,3.43,3.62,3.63,2.88,4.02,3.52,3.66,2.63,1.53,0.17,-0.60,0.24,2.12,3.40,2.70,2.09,1.79,1.32,0.68,-0.21,-0.35,-0.40,-0.50,1.37,0.28,-0.45,-1.10,-1.02,-1.53,-2.70
3.56,-1.73,-1.38,-0.41,-0.13,0.73,2.83,2.11,2.04,2.17,2.56,0.03,-1.19,-2.13,-0.12,-0.52,1.83,1.90,1.30,-1.09,2.27,2.48,2.05,-0.13,0.95,0.63,2.95,3.87,4.05,3.91,4.60,4.72,4.97,3.54,3.77,5.39,5.56,4.45,4.35,4.22,12.76,11.31,6.40,6.20,7.00,8.56,8.29,7.61,5.70,5.43,5.10,3.68,3.69,3.17,2.13,2.78,3.89,4.48,3.21,2.46,1.57,1.02,0.80,-0.02,0.48,1.96,2.19,2.20,1.81,1.10,0.45,-0.47,-0.97,-1.69,-1.73,-0.85,-1.37,-1.95,-2.22,-2.60,-3.12
1.77,1.26,1.73,0.48,0.15,-0.31,2.64,3.32,2.68,2.73,2.13,2.99,1.71,1.49,2.40,0.94,-1.57,0.18,2.30,-0.93,-0.15,1.74,1.57,-0.92,-1.18,-1.31,0.54,3.80,4.12,3.61,1.67,0.12,2.54,3.02,1.30,2.09,5.73,4.03,2.66,3.12,6.21,13.01,11.20,10.54,9.09,6.97,7.59,8.31,7.66,7.80,6.47,5.99,4.53,4.54,3.50,2.22,4.22,4.51,3.29,2.25,2.12,1.23,1.73,2.74,3.04,2.74,2.40,2.13,2.38,1.81,1.54,1.24,0.34,-0.42,-0.87,-1.25,-1.68,-2.13,-2.46,-2.77,-2.98
1.40,2.63,2.72,2.62,1.18,2.12,5.34,8.34,8.71,8.29,7.22,6.47,7.55,4.08,2.26,2.21,2.20,-0.38,2.01,1.38,1.80,2.56,1.51,-0.37,-0.45,-1.17,-1.16,1.26,3.10,2.93,2.14,0.80,2.05,1.99,0.37,-0.92,2.02,3.26,2.53,4.15,3.28,11.59,13.05,12.41,12.42,11.04,9.31,8.33,9.02,7.83,8.57,7.84,6.97,5.83,5.09,4.30,3.04,4.62,4.49,3.23,2.13,2.54,2.30,2.21,3.07,4.12,3.28,2.23,1.06,2.00,2.21,2.29,2.23,1.70,0.51,-0.80,-1.72,-2.41,-2.84,-2.76,-2.88
0.14,0.64,2.89,4.98,7.37,10.12,8.55,6.83,7.83,7.67,7.35,4.95,5.97,8.70,3.69,3.35,2.89,3.89,3.43,6.07,5.70,3.33,-0.48,-0.74,-1.16,-0.59,-0.08,-1.35,2.26,2.27,2.52,1.75,2.56,4.13,3.51,2.52,2.48,3.08,2.46,2.91,1.41,2.46,12.98,12.32,12.26,12.48,11.97,10.92,9.43,9.84,8.36,9.11,8.24,7.14,6.31,5.97,5.41,5.47,5.59,5.02,4.21,3.73,3.75,3.51,2.93,3.09,4.01,3.04,2.23,1.52,1.53,1.92,2.81,2.23,2.10,1.18,-0.09,-1.02,-1.84,-2.76,-1.59
4.62,1.89,3.59,3.64,6.54,7.54,5.05,6.06,7.43,6.87,6.37,4.89,6.91,7.25,5.09,5.52,6.46,2.61,4.49,1.95,2.95,0.75,3.19,0.20,-0.57,-0.78,-0.52,-0.71,0.45,3.67,4.37,2.81,1.83,3.89,3.59,2.37,1.35,3.63,3.78,3.39,3.31,3.41,4.59,12.93,11.67,11.73,11.59,11.37,11.31,10.05,9.70,8.76,8.52,7.98,7.39,6.95,7.21,6.77,6.94,6.06,5.50,5.15,4.85,4.63,4.80,4.63,4.40,4.15,3.75,3.14,2.14,1.84,1.97,2.31,2.43,1.70,0.77,0.07,-0.65,-0.86,-0.75
2.69,3.22,-2.32,-7.92,4.13,-0.24,-2.31,3.80,3.23,4.87,3.98,4.59,3.89,8.02,7.88,6.31,4.53,4.24,2.97,1.63,2.49,1.86,0.52,4.01,2.21,0.96,0.78,0.71,0.35,0.91,-3.20,4.46,3.69,-0.13,0.19,-0.68,-0.41,1.34,2.38,2.60,2.24,1.66,2.02,9.98,10.99,11.07,11.72,11.71,11.14,10.70,9.39,6.60,8.17,8.49,8.71,8.60,8.21,8.14,8.08,7.74,7.37,6.72,6.10,5.82,5.37,5.55,5.93,5.83,5.31,4.75,3.89,2.89,2.44,2.05,2.42,2.14,1.53,1.48,1.01,0.39,0.60
1.86,0.77,0.79,-2.94,-5.99,-5.08,-4.17,-3.86,4.14,6.98,6.43,5.74,2.69,1.96,3.30,5.48,4.97,3.28,2.57,1.71,2.99,1.23,-2.63,-1.84,3.38,3.66,4.45,3.04,-2.83,-3.29,-2.87,-4.01,-3.31,-1.42,-2.33,-0.83,0.57,0.55,1.11,2.98,3.56,3.34,5.09,6.36,10.07,10.47,11.31,11.78,11.67,10.84,10.71,4.48,8.73,9.32,8.82,8.45,8.32,8.41,8.39,7.98,7.71,7.92,7.52,7.32,7.59,6.58,5.84,6.99,6.79,6.30,5.24,4.11,3.42,3.21,3.27,2.85,2.26,2.42,2.49,2.57,2.14
-0.94,-1.11,1.17,-0.33,-1.95,-1.54,-3.59,-2.91,-3.24,3.34,10.47,9.52,7.93,7.73,6.74,5.69,5.41,4.82,3.52,6.59,3.16,0.38,-2.61,-4.08,4.07,2.56,1.13,0.63,3.95,-1.17,-3.22,-5.15,-4.83,-4.56,-3.39,-4.83,-5.18,-4.26,-2.97,-0.68,2.83,5.55,7.35,6.54,8.10,10.33,10.02,10.68,11.44,10.93,8.81,6.21,3.99,4.80,8.92,9.28,9.21,8.35,8.29,8.36,7.70,6.97,7.05,7.62,7.87,9.04,9.39,8.99,9.00,7.70,7.01,6.42,5.15,3.86,3.32,3.34,3.65,3.85,3.73,3.34,3.41
-2.41,0.92,0.60,1.32,1.20,-1.33,-2.51,-2.20,-2.88,-5.08,0.67,-1.85,6.53,3.98,11.04,9.30,8.06,7.60,6.57,4.53,4.83,-0.61,-3.76,-2.67,2.34,3.65,0.92,-3.54,-3.61,-4.14,-6.81,-6.34,-5.35,-4.91,-4.32,-5.87,-6.12,-5.72,-4.79,-3.33,-1.03,2.79,8.78,7.21,7.13,7.87,8.25,6.06,9.28,9.56,9.75,5.43,4.26,6.48,4.45,7.54,3.59,9.16,8.14,7.50,7.30,6.03,5.47,6.10,6.60,7.90,11.26,12.58,11.10,9.09,7.86,6.72,5.58,5.16,3.90,3.13,2.76,3.52,5.06,5.41,5.71
0.33,-1.45,-0.81,-4.87,-0.96,0.20,-3.09,-4.47,-3.97,-3.87,-6.55,-5.23,-2.00,8.10,-3.70,11.92,9.56,7.85,6.65,5.04,-1.26,-3.05,-3.00,-2.57,0.40,1.90,1.70,0.72,-2.32,-3.95,-5.07,-4.46,-4.72,-1.66,-4.07,-6.26,-6.15,-5.78,-5.02,-3.57,0.89,2.48,3.45,5.92,6.90,6.58,6.99,4.85,6.73,7.91,7.93,8.49,7.29,3.26,2.99,3.96,4.16,2.85,2.75,6.36,7.74,5.86,4.41,4.05,3.26,1.64,4.37,11.79,10.63,8.59,7.16,6.34,5.54,4.52,3.42,1.88,1.61,0.83,2.72,5.17,6.17
